direction,direction_id,route_id,route_short_name,LineIdConst
EAST,0,6612,002,6612
WEST,1,6612,002,6612
NORTH,0,6613,003,6613
SOUTH,1,6613,003,6613
EAST,0,6614,004,6614
WEST,1,6614,004,6614
EAST,0,6615,005,6615
WEST,1,6615,005,6615
EAST,0,6616,006,6616
WEST,1,6616,006,6616
EAST,0,6617,007,6617
WEST,1,6617,007,6617
EAST,0,6618,008,6618
WEST,1,6618,008,6618
EAST,0,6619,009,6619
WEST,1,6619,009,6619
NORTH,0,6620,010,6620
SOUTH,1,6620,010,6620
EAST,0,16718,014,16718
WEST,1,16718,014,16718
NORTH,0,6621,015,6621
SOUTH,1,6621,015,6621
EAST,0,6622,016,6622
WEST,1,6622,016,6622
NORTH,0,6623,017,6623
SOUTH,1,6623,017,6623
EAST,0,6624,019,6624
WEST,1,6624,019,6624
NORTH,0,6625,020,6625
SOUTH,1,6625,020,6625
EAST,0,6626,022,6626
WEST,1,6626,022,6626
EAST,0,30055,023,30055
WEST,1,30055,023,30055
EAST,0,6627,025,6627
WEST,1,6627,025,6627
EAST,0,6628,026,6628
WEST,1,6628,026,6628
NORTH,0,6629,027,6629
SOUTH,1,6629,027,6629
NORTH,0,6630,028,6630
SOUTH,1,6630,028,6630
NORTH,0,6631,029,6631
SOUTH,1,6631,029,6631
NORTH,0,39304,031,39304
SOUTH,1,39304,031,39304
EAST,0,11201,033,11201
WEST,1,11201,033,11201
EAST,0,6633,041,6633
WEST,1,6633,041,6633
EAST,0,6635,044,6635
WEST,1,6635,044,6635
EAST,0,6636,049,6636
WEST,1,6636,049,6636
NORTH,0,6637,050,6637
SOUTH,1,6637,050,6637
NORTH,0,33538,068,33538
SOUTH,1,33538,068,33538
EAST,0,45596,080,45596
WEST,1,45596,080,45596
EAST,0,6638,084,6638
WEST,1,6638,084,6638
EAST,0,6641,099,6641
WEST,1,6641,099,6641
EAST,0,6642,100,6642
WEST,1,6642,100,6642
EAST,0,6643,101,6643
WEST,1,6643,101,6643
EAST,0,46099,102,46099
WEST,1,46099,102,46099
EAST,0,6790,103,6790
WEST,1,6790,103,6790
NORTH,0,6644,104,6644
SOUTH,1,6644,104,6644
EAST,0,6796,105,6796
WEST,1,6796,105,6796
EAST,0,6645,106,6645
WEST,1,6645,106,6645
NORTH,0,16719,109,16719
SOUTH,1,16719,109,16719
EAST,0,6646,110,6646
WEST,1,6646,110,6646
EAST,0,6647,112,6647
WEST,1,6647,112,6647
EAST,0,6648,116,6648
WEST,1,6648,116,6648
EAST,0,32799,119,32799
WEST,1,32799,119,32799
EAST,0,6649,123,6649
WEST,1,6649,123,6649
EAST,0,6662,128,6662
WEST,1,6662,128,6662
EAST,0,6650,129,6650
WEST,1,6650,129,6650
NORTH,0,6651,130,6651
SOUTH,1,6651,130,6651
EAST,0,6776,131,6776
WEST,1,6776,131,6776
NORTH,0,7322,132,7322
SOUTH,1,7322,132,7322
EAST,0,33292,133,33292
WEST,1,33292,133,33292
EAST,0,6652,134,6652
WEST,1,6652,134,6652
EAST,0,6654,136,6654
WEST,1,6654,136,6654
EAST,0,6656,143,6656
WEST,1,6656,143,6656
NORTH,0,6657,144,6657
SOUTH,1,6657,144,6657
NORTH,0,6658,145,6658
SOUTH,1,6658,145,6658
NORTH,0,6811,146,6811
SOUTH,1,6811,146,6811
EAST,0,6817,147,6817
WEST,1,6817,147,6817
EAST,0,6806,148,6806
WEST,1,6806,148,6806
EAST,0,6659,151,6659
WEST,1,6659,151,6659
EAST,0,6660,152,6660
WEST,1,6660,152,6660
EAST,0,6661,153,6661
WEST,1,6661,153,6661
EAST,0,6663,155,6663
WEST,1,6663,155,6663
EAST,0,6664,156,6664
WEST,1,6664,156,6664
EAST,0,6665,157,6665
WEST,1,6665,157,6665
EAST,0,6666,159,6666
WEST,1,6666,159,6666
EAST,0,6667,160,6667
WEST,1,6667,160,6667
EAST,0,6668,169,6668
WEST,1,6668,169,6668
NORTH,0,30036,170,30036
SOUTH,1,30036,170,30036
EAST,0,30037,171,30037
WEST,1,30037,171,30037
EAST,0,30038,172,30038
WEST,1,30038,172,30038
EAST,0,30039,173,30039
WEST,1,30039,173,30039
EAST,0,30040,174,30040
WEST,1,30040,174,30040
EAST,0,30041,175,30041
WEST,1,30041,175,30041
NORTH,0,30043,180,30043
SOUTH,1,30043,180,30043
NORTH,0,30044,181,30044
SOUTH,1,30044,181,30044
NORTH,0,30045,182,30045
SOUTH,1,30045,182,30045
EAST,0,30046,183,30046
WEST,1,30046,183,30046
NORTH,0,30047,184,30047
SOUTH,1,30047,184,30047
NORTH,0,30048,185,30048
SOUTH,1,30048,185,30048
NORTH,0,30049,186,30049
SOUTH,1,30049,186,30049
NORTH,0,30050,187,30050
SOUTH,1,30050,187,30050
EAST,0,22638,188,22638
WEST,1,22638,188,22638
NORTH,0,30051,189,30051
SOUTH,1,30051,189,30051
NORTH,0,30584,191,30584
SOUTH,1,30584,191,30584
EAST,0,16717,209,16717
WEST,1,16717,209,16717
NORTH,0,6672,210,6672
SOUTH,1,6672,210,6672
EAST,0,6673,211,6673
WEST,1,6673,211,6673
EAST,0,6674,212,6674
WEST,1,6674,212,6674
EAST,0,6675,214,6675
WEST,1,6675,214,6675
EAST,0,6780,215,6780
WEST,1,6780,215,6780
NORTH,0,39305,222,39305
SOUTH,1,39305,222,39305
NORTH,0,22639,227,22639
SOUTH,1,22639,227,22639
NORTH,0,6676,228,6676
SOUTH,1,6676,228,6676
EAST,0,6677,229,6677
WEST,1,6677,229,6677
NORTH,0,6678,230,6678
SOUTH,1,6678,230,6678
EAST,0,18213,231,18213
WEST,1,18213,231,18213
EAST,0,6679,232,6679
WEST,1,6679,232,6679
NORTH,0,6680,236,6680
SOUTH,1,6680,236,6680
EAST,0,6682,240,6682
WEST,1,6682,240,6682
NORTH,0,6683,241,6683
SOUTH,1,6683,241,6683
EAST,0,39307,245,39307
WEST,1,39307,245,39307
NORTH,0,6685,246,6685
SOUTH,1,6685,246,6685
NORTH,0,6686,247,6686
SOUTH,1,6686,247,6686
NORTH,0,36799,249,36799
SOUTH,1,36799,249,36799
EAST,0,6687,250,6687
WEST,1,6687,250,6687
EAST,0,6688,251,6688
WEST,1,6688,251,6688
EAST,0,6689,252,6689
WEST,1,6689,252,6689
EAST,0,6690,253,6690
WEST,1,6690,253,6690
NORTH,0,6691,254,6691
SOUTH,1,6691,254,6691
EAST,0,6692,255,6692
WEST,1,6692,255,6692
NORTH,0,10232,256,10232
SOUTH,1,10232,256,10232
EAST,0,6693,257,6693
WEST,1,6693,257,6693
NORTH,0,6779,262,6779
SOUTH,1,6779,262,6779
EAST,0,6777,280,6777
WEST,1,6777,280,6777
NORTH,0,6778,281,6778
SOUTH,1,6778,281,6778
NORTH,0,34544,282,34544
SOUTH,1,34544,282,34544
EAST,0,6698,301,6698
WEST,1,6698,301,6698
EAST,0,6822,310,6822
WEST,1,6822,310,6822
NORTH,0,6699,311,6699
SOUTH,1,6699,311,6699
NORTH,0,6700,312,6700
SOUTH,1,6700,312,6700
EAST,0,6701,314,6701
WEST,1,6701,314,6701
NORTH,0,6702,316,6702
SOUTH,1,6702,316,6702
NORTH,0,6703,319,6703
SOUTH,1,6703,319,6703
EAST,0,6704,320,6704
WEST,1,6704,320,6704
NORTH,0,6705,321,6705
SOUTH,1,6705,321,6705
EAST,0,6821,322,6821
WEST,1,6821,322,6821
NORTH,0,6706,323,6706
SOUTH,1,6706,323,6706
NORTH,0,6707,324,6707
SOUTH,1,6707,324,6707
NORTH,0,6708,325,6708
SOUTH,1,6708,325,6708
EAST,0,6709,326,6709
WEST,1,6709,326,6709
NORTH,0,6710,329,6710
SOUTH,1,6710,329,6710
EAST,0,6712,335,6712
WEST,1,6712,335,6712
EAST,0,17707,337,17707
WEST,1,17707,337,17707
EAST,0,48855,338,48855
WEST,1,48855,338,48855
EAST,0,6713,340,6713
WEST,1,6713,340,6713
NORTH,0,8290,341,8290
SOUTH,1,8290,341,8290
EAST,0,29038,342,29038
WEST,1,29038,342,29038
NORTH,0,6714,345,6714
SOUTH,1,6714,345,6714
EAST,0,40855,350,40855
WEST,1,40855,350,40855
NORTH,0,6715,351,6715
SOUTH,1,6715,351,6715
NORTH,0,6716,352,6716
SOUTH,1,6716,352,6716
NORTH,0,6717,354,6717
SOUTH,1,6717,354,6717
EAST,0,31816,360,31816
WEST,1,31816,360,31816
EAST,0,31817,361,31817
WEST,1,31817,361,31817
NORTH,0,31818,362,31818
SOUTH,1,31818,362,31818
NORTH,0,31819,363,31819
SOUTH,1,31819,363,31819
EAST,0,11692,364,11692
WEST,1,11692,364,11692
EAST,0,8286,370,8286
WEST,1,8286,370,8286
EAST,0,6818,371,6818
WEST,1,6818,371,6818
EAST,0,31820,372,31820
WEST,1,31820,372,31820
EAST,0,6819,373,6819
WEST,1,6819,373,6819
NORTH,0,7321,375,7321
SOUTH,1,7321,375,7321
EAST,0,11693,388,11693
WEST,1,11693,388,11693
NORTH,0,6718,391,6718
SOUTH,1,6718,391,6718
NORTH,0,6719,393,6719
SOUTH,1,6719,393,6719
NORTH,0,6720,394,6720
SOUTH,1,6720,394,6720
EAST,0,6721,395,6721
WEST,1,6721,395,6721
EAST,0,6722,401,6722
WEST,1,6722,401,6722
NORTH,0,6723,402,6723
SOUTH,1,6723,402,6723
NORTH,0,6724,403,6724
SOUTH,1,6724,403,6724
EAST,0,6725,404,6725
WEST,1,6725,404,6725
NORTH,0,6726,405,6726
SOUTH,1,6726,405,6726
NORTH,0,34542,406,34542
SOUTH,1,34542,406,34542
NORTH,0,6727,407,6727
SOUTH,1,6727,407,6727
EAST,0,34543,408,34543
WEST,1,34543,408,34543
EAST,0,6728,410,6728
WEST,1,6728,410,6728
EAST,0,6827,412,6827
WEST,1,6827,412,6827
EAST,0,6828,413,6828
WEST,1,6828,413,6828
EAST,0,13684,414,13684
WEST,1,13684,414,13684
EAST,0,6829,416,6829
WEST,1,6829,416,6829
NORTH,0,9745,418,9745
SOUTH,1,9745,418,9745
EAST,0,6730,430,6730
WEST,1,6730,430,6730
NORTH,0,6737,501,6737
SOUTH,1,6737,501,6737
EAST,0,6738,502,6738
WEST,1,6738,502,6738
EAST,0,23384,503,23384
WEST,1,23384,503,23384
EAST,0,6739,509,6739
WEST,1,6739,509,6739
NORTH,0,18705,531,18705
SOUTH,1,18705,531,18705
EAST,0,20667,555,20667
WEST,1,20667,555,20667
EAST,0,34044,560,34044
WEST,1,34044,560,34044
EAST,0,34045,561,34045
WEST,1,34045,561,34045
NORTH,0,6814,562,6814
SOUTH,1,6814,562,6814
NORTH,0,6815,563,6815
SOUTH,1,6815,563,6815
EAST,0,6816,564,6816
WEST,1,6816,564,6816
NORTH,0,12940,595,12940
SOUTH,1,12940,595,12940
NORTH,0,6741,601,6741
SOUTH,1,6741,601,6741
NORTH,0,6742,602,6742
SOUTH,1,6742,602,6742
NORTH,0,6743,603,6743
SOUTH,1,6743,603,6743
NORTH,0,6744,604,6744
SOUTH,1,6744,604,6744
EAST,0,6745,606,6745
WEST,1,6745,606,6745
EAST,0,6746,608,6746
WEST,1,6746,608,6746
NORTH,0,11696,609,11696
SOUTH,1,11696,609,11696
NORTH,0,6843,614,6843
SOUTH,1,6843,614,6843
EAST,0,6823,616,6823
WEST,1,6823,616,6823
NORTH,0,6825,618,6825
SOUTH,1,6825,618,6825
NORTH,0,6844,619,6844
SOUTH,1,6844,619,6844
NORTH,0,6747,620,6747
SOUTH,1,6747,620,6747
NORTH,0,6748,640,6748
SOUTH,1,6748,640,6748
EAST,0,6749,701,6749
WEST,1,6749,701,6749
NORTH,0,34540,719,34540
SOUTH,1,34540,719,34540
NORTH,0,34541,722,34541
SOUTH,1,34541,722,34541
NORTH,0,31821,733,31821
SOUTH,1,31821,733,31821
NORTH,0,31822,741,31822
SOUTH,1,31822,741,31822
EAST,0,6799,743,6799
WEST,1,6799,743,6799
EAST,0,6800,744,6800
WEST,1,6800,744,6800
EAST,0,34042,745,34042
WEST,1,34042,745,34042
EAST,0,34043,746,34043
WEST,1,34043,746,34043
EAST,0,6804,748,6804
WEST,1,6804,748,6804
EAST,0,6805,749,6805
WEST,1,6805,749,6805
EAST,0,7224,791,7224
WEST,1,7224,791,7224
NORTH,0,29040,840,29040
SOUTH,1,29040,840,29040
EAST,0,6754,855,6754
WEST,1,6754,855,6754
EAST,0,29039,864,29039
WEST,1,29039,864,29039
EAST,0,8289,865,8289
WEST,1,8289,865,8289
EAST,0,6761,880,6761
WEST,1,6761,880,6761
EAST,0,6762,881,6762
WEST,1,6762,881,6762
NORTH,0,6830,N10,6830
SOUTH,1,6830,N10,6830
NORTH,0,6831,N15,6831
SOUTH,1,6831,N15,6831
EAST,0,6833,N17,6833
WEST,1,6833,N17,6833
EAST,0,6834,N19,6834
WEST,1,6834,N19,6834
NORTH,0,6835,N20,6835
SOUTH,1,6835,N20,6835
NORTH,0,6836,N22,6836
SOUTH,1,6836,N22,6836
NORTH,0,6837,N24,6837
SOUTH,1,6837,N24,6837
EAST,0,6838,N35,6838
WEST,1,6838,N35,6838
EAST,0,6840,N8,6840
WEST,1,6840,N8,6840
EAST,0,6841,N9,6841
WEST,1,6841,N9,6841
NORTH,0,37808,R1,37808
SOUTH,1,37808,R1,37808
EAST,0,38311,R2,38311
WEST,1,38311,R2,38311
EAST,0,37809,R3,37809
WEST,1,37809,R3,37809
EAST,0,37810,R4,37810
WEST,1,37810,R4,37810
EAST,0,37807,R5,37807
WEST,1,37807,R5,37807
NORTH,0,46604,R6,46604
SOUTH,1,46604,R6,46604
